174 166 1
275 256 2
131 12 1
175 44 2
184 68 2
276 149 2
52 10 2
274 170 2
162 41 2
297 122 2
187 180 2
296 123 2
202 201 2
49 30 2
269 191 2
121 70 2
266 5 2
176 144 1
269 132 2
190 20 2
93 53 1
277 124 2
186 30 2
279 136 2
78 23 2
170 86 2
299 283 1
122 89 2
203 135 2
126 73 2
270 137 1
272 122 2
143 53 2
178 19 1
210 68 2
250 222 2
96 24 1
256 86 2
166 85 1
258 62 1
241 72 2
229 155 2
135 49 2
229 132 2
275 50 2
148 3 2
292 157 2
278 79 2
192 30 2
249 60 1
253 81 2
190 32 2
44 32 2
146 118 2
242 116 2
248 192 2
284 73 2
184 124 2
253 114 1
222 78 2
160 43 2
126 7 2
163 120 2
246 182 2
241 62 1
194 70 2
175 138 2
80 7 2
182 61 2
206 74 2
117 7 2
244 70 2
189 188 1
294 274 2
213 195 2
43 32 2
105 30 2
127 104 2
283 97 2
265 78 2
187 156 2
232 113 2
277 215 2
170 26 2
289 101 2
234 183 2
217 126 1
189 67 1
210 81 2
212 90 2
248 106 1
97 41 2
223 220 1
184 22 2
134 75 1
209 16 2
119 81 2
299 56 2
249 14 2
218 82 2
276 269 2
237 203 2
247 62 2
255 104 2
274 266 2
218 28 2
235 155 2
235 126 2
251 212 2
288 156 2
271 239 1
187 44 2
246 56 2
45 44 2
235 117 2
300 79 2
169 120 2
202 62 2
221 34 2
192 79 2
157 21 2
286 240 2
260 43 2
153 41 2
236 69 2
295 238 2
286 242 2
142 98 1
167 103 2
291 101 2
177 104 2
165 48 2
61 27 2
269 15 2
87 10 2
275 121 2
234 196 2
232 166 2
123 46 2
259 121 2
90 22 1
238 158 2
115 59 2
294 32 2
190 113 2
238 181 2
206 40 2
177 167 2
101 74 2
249 95 2
218 92 2
201 94 2
248 245 2
246 135 2
284 117 2
192 112 2
225 105 2
259 101 2
292 105 2
231 81 2
237 70 2
72 16 2
215 6 2
241 191 2
291 138 2
68 36 2
186 168 2
234 126 2
179 151 2
163 98 2
154 127 2
105 27 2
108 88 2
268 233 2
164 28 2
157 67 2
278 64 2
130 37 2
236 233 1
115 99 2
278 254 1
202 44 2
128 51 2
183 83 1
180 79 2
266 29 1
187 94 2
298 150 2
249 156 2
259 174 1
73 61 2
163 143 2
159 115 2
111 84 1
220 165 2
75 47 2
248 224 2
292 33 1
253 178 2
217 216 2
261 4 2
236 29 2
261 163 2
181 90 2
190 136 1
206 133 2
259 214 2
200 161 2
283 67 2
69 62 2
247 184 2
75 6 2
81 58 2
149 64 1
162 47 2
291 88 2
218 102 2
197 13 2
170 131 1
70 43 2
240 178 2
239 90 2
250 213 2
107 69 2
286 194 2
296 165 2
86 73 2
262 148 2
77 44 2
247 213 2
246 116 2
143 35 2
133 129 2
263 180 2
85 24 2
206 49 2
202 43 2
256 66 2
212 208 1
290 79 2
260 77 2
277 227 2
233 191 2
201 143 2
104 99 2
148 32 2
200 73 1
137 57 2
148 21 2
124 60 2
176 29 2
162 64 2
175 89 2
273 79 2
252 152 2
16 12 2
251 56 2
275 45 2
212 83 2
162 75 2
111 57 2
233 100 2
232 123 2
249 89 2
186 156 2
66 26 2
284 272 2
46 18 2
254 10 1
96 6 2
116 108 2
262 97 2
145 84 2
195 180 2
222 12 1
139 91 2
168 36 2
285 125 2
181 73 2
192 80 2
166 17 2
199 141 2
195 55 2
218 153 2
258 145 2
226 5 2
129 49 2
200 130 2
265 187 2
193 139 2
274 109 1
195 126 2
218 44 2
212 24 2
140 22 2
291 45 2
39 10 2
265 232 2
121 88 2
279 250 2
172 28 2
299 62 2
145 16 2
270 71 2
108 24 2
256 176 2
244 103 2
255 84 2
281 223 2
300 46 2
250 147 2
164 84 2
129 102 2
241 5 2
56 49 1
173 172 2
250 44 2
180 134 2
153 149 2
247 100 2
240 149 2
224 145 1
231 98 2
256 101 2
247 47 2
237 122 2
130 49 1
299 276 2
144 121 2
282 51 2
236 222 2
226 36 1
288 224 1
148 39 2
91 86 1
271 172 1
118 66 2
90 80 2
259 79 2
187 75 2
273 206 2
207 72 2
229 32 2
205 97 2
117 2 2
275 202 2
120 13 2
288 227 2
159 139 2
268 42 2
290 265 2
115 24 2
242 28 2
106 1 2
121 115 2
253 153 2
70 55 1
211 38 2
56 12 2
34 3 2
208 61 2
252 201 2
259 10 2
260 251 2
295 180 2
296 261 2
235 84 1
39 7 2
289 76 1
253 52 1
286 170 2
197 58 2
96 47 2
269 77 2
280 50 2
227 44 2
187 159 2
263 199 2
67 1 2
231 86 2
297 239 2
271 12 2
167 46 2
33 14 2
225 138 2
292 133 2
239 111 2
150 56 1
155 112 2
229 223 2
71 69 2
289 36 2
98 40 2
286 150 2
190 2 2
120 5 2
233 215 2
233 28 2
144 27 2
286 105 2
236 73 2
275 272 2
268 246 2
188 49 2
290 256 2
229 215 2
291 30 2
53 30 2
185 134 2
119 7 1
211 78 2
282 55 2
288 26 2
236 151 2
49 34 2
145 78 2
295 154 1
147 139 2
257 185 2
249 26 2
264 259 2
178 43 2
239 106 2
191 6 2
219 77 2
96 56 2
218 6 2
290 55 1
299 206 2
76 22 1
298 266 2
258 4 2
213 74 2
221 67 2
57 32 1
175 116 2
52 5 2
154 13 2
157 104 1
54 53 2
136 42 2
271 73 2
296 197 2
195 8 2
290 151 2
149 55 2
281 177 1
287 265 1
295 151 2
278 116 2
104 29 1
104 94 2
179 75 2
242 96 2
168 2 2
255 223 2
34 1 2
238 47 2
300 65 2
265 43 2
185 102 2
190 140 2
249 56 2
57 21 2
255 14 2
139 90 2
233 231 2
271 197 2
106 34 2
212 44 2
192 83 2
261 210 2
162 4 1
290 240 2
288 7 2
227 136 2
247 4 2
71 23 2
196 145 2
248 33 2
228 153 2
59 35 2
489 458 2
555 450 2
592 303 2
583 533 2
590 476 2
438 375 2
589 439 2
597 536 2
385 363 2
542 514 2
523 366 2
598 471 2
445 385 2
592 444 1
478 311 1
572 439 2
499 480 2
434 339 2
419 350 1
545 443 2
381 356 2
491 466 1
442 434 1
382 344 2
485 303 2
469 409 2
537 489 2
469 330 2
534 326 2
577 360 2
381 334 2
478 444 1
529 369 2
414 364 2
470 430 2
429 357 2
546 338 1
448 348 2
435 387 2
588 584 1
506 360 2
443 309 2
564 342 2
478 378 1
589 453 2
497 365 1
588 489 1
446 421 2
594 401 2
405 362 2
474 423 2
456 420 2
430 399 2
364 349 2
585 327 2
540 358 1
583 415 1
599 591 2
528 527 2
456 447 2
532 316 1
535 325 2
481 395 2
456 452 2
427 345 2
514 460 2
416 383 2
487 324 2
495 303 2
390 312 2
557 473 2
471 466 2
415 390 1
550 414 2
590 513 2
417 331 2
420 362 2
532 471 2
509 371 2
545 508 2
414 345 2
565 359 2
362 350 2
475 450 2
482 435 2
525 414 2
585 483 2
430 327 2
545 435 1
400 399 1
534 495 2
410 399 2
539 513 2
526 362 2
497 458 2
401 328 2
501 361 2
555 549 2
488 465 2
514 475 2
430 359 2
424 330 2
322 307 2
511 502 2
514 312 2
524 315 2
587 506 2
586 345 2
541 402 2
544 410 2
512 444 2
514 301 2
565 393 1
507 461 2
375 305 2
590 536 2
568 497 2
419 340 2
381 368 2
504 459 2
519 392 2
514 450 1
538 336 1
469 403 2
372 339 2
558 360 2
364 325 1
472 450 2
407 336 2
528 493 2
581 550 2
568 308 2
401 326 2
407 381 2
461 386 2
405 305 1
444 397 2
526 402 2
323 317 1
388 342 1
489 390 2
540 494 2
448 431 2
567 533 2
567 534 2
452 406 2
470 341 2
392 368 1
443 396 2
572 420 2
549 480 2
451 450 2
479 444 1
591 337 2
543 319 2
467 417 1
362 311 2
458 408 2
477 473 2
413 302 2
575 572 1
529 477 2
506 493 2
489 480 1
587 460 2
516 353 2
477 443 2
453 390 2
480 328 2
589 577 2
433 327 2
383 317 1
479 373 2
581 534 2
559 423 2
466 437 2
549 345 2
391 365 1
516 430 1
529 527 2
590 313 2
556 420 2
531 410 2
477 343 2
570 567 2
451 414 2
573 502 2
584 562 2
515 388 2
576 384 2
526 437 2
485 453 2
404 344 2
477 322 2
548 486 2
376 306 2
448 434 2
462 436 2
454 308 2
495 356 1
537 359 2
581 480 2
377 362 2
546 354 1
586 505 1
400 349 2
533 464 2
360 343 1
543 486 2
518 468 2
557 425 1
583 448 2
594 434 1
577 393 2
535 432 2
411 378 2
598 449 2
404 358 2
461 429 2
419 303 2
450 354 2
477 469 2
549 538 1
502 361 2
464 407 2
469 455 2
561 461 2
423 392 2
542 450 2
499 355 2
552 303 2
557 305 2
560 496 2
568 433 2
541 355 2
463 408 2
344 302 2
519 501 1
534 371 2
371 337 2
536 395 2
452 403 2
521 411 2
429 331 2
575 571 1
588 508 2
501 378 2
516 421 2
576 483 2
543 476 2
332 315 2
596 480 2
547 429 2
535 443 2
469 384 2
425 348 2
532 330 2
523 461 2
457 419 2
468 421 1
593 583 2
446 330 1
579 444 2
483 455 2
419 384 2
476 333 1
599 309 2
461 370 2
453 449 2
557 355 2
565 353 2
530 392 2
468 401 2
460 436 2
519 401 2
436 430 2
476 434 2
538 417 2
514 470 2
592 578 2
409 359 1
569 418 2
554 386 2
564 464 2
497 323 2
464 431 2
593 406 2
558 465 2
535 303 2
521 426 2
504 432 2
545 337 2
463 387 2
492 454 1
527 487 2
556 525 2
455 391 2
441 347 2
463 433 1
497 307 2
597 434 1
387 345 2
482 397 2
563 417 1
426 367 2
553 531 2
495 404 2
478 399 2
575 531 2
416 307 1
534 472 2
400 353 2
578 427 1
376 335 2
417 383 2
595 471 1
515 472 2
434 307 2
517 399 2
599 495 2
525 489 2
543 487 1
504 333 2
555 525 2
589 415 2
449 357 2
539 498 2
377 334 1
503 460 2
491 312 2
490 355 2
547 523 2
591 540 2
526 498 2
589 370 2
583 313 2
578 383 2
562 543 2
514 431 2
583 566 2
480 474 2
566 493 2
469 335 1
594 487 1
426 422 2
579 362 2
588 576 2
563 533 2
584 428 2
519 330 2
539 305 1
535 374 2
497 366 1
413 305 2
414 371 1
551 333 2
467 436 2
441 369 2
524 435 2
524 432 1
549 334 2
480 442 2
539 469 2
481 377 2
404 335 2
589 536 2
576 355 2
588 375 2
571 316 1
466 379 2
564 410 2
452 358 2
599 562 2
435 391 1
477 393 2
514 370 2
433 389 2
409 384 2
460 310 1
574 520 2
377 330 1
383 362 2
411 386 2
537 384 2
578 557 2
505 442 2
556 489 2
407 374 2
488 450 1
558 436 2
589 341 2
589 550 2
593 584 2
578 465 2
551 400 2
511 407 2
476 377 1
418 371 2
424 361 2
452 426 2
458 301 2
597 447 2
589 301 2
594 454 2
560 422 2
548 409 2
520 492 1
577 377 2
437 405 2
437 301 2
557 372 2
512 348 2
440 335 2
581 394 2
409 361 2
408 361 2
490 398 2
511 423 2
495 331 1
460 373 2
492 453 1
528 520 2
511 394 2
589 407 2
525 390 2
463 308 2
564 536 2
600 550 2
491 354 2
390 358 2
435 373 2
399 356 2
372 356 2
566 534 2
448 429 2
596 507 2
596 319 2
564 430 2
555 388 2
454 436 2
597 428 2
581 525 2
433 372 2
514 505 2
523 309 2
394 370 2
396 326 2
505 393 2
570 375 2
546 387 2
540 423 2
567 306 2
599 428 2
528 436 2
448 363 2
361 355 2
593 430 2
568 548 1
427 365 2
450 435 2
577 465 2
453 336 2
530 528 2
572 383 2
329 320 2
516 388 2
506 480 2
541 315 2
413 317 2
582 487 2
426 329 2
567 565 2
370 347 1
529 439 2
346 345 1
486 485 2
524 512 2
379 344 1
509 427 2
561 421 1
453 319 2
505 392 2
523 311 1
585 368 2
386 330 2
353 330 1
568 488 1
548 420 2
384 378 2
514 493 2
502 497 2
594 371 2
327 320 1
484 449 2
587 547 2
491 474 2
555 301 2
557 385 2
552 515 2
716 621 2
843 663 2
680 614 2
752 608 1
729 708 2
719 658 2
742 689 1
778 646 2
787 665 2
825 696 2
796 633 2
871 723 2
885 763 2
840 808 2
627 618 1
746 705 2
665 639 1
888 804 2
826 640 2
643 635 2
762 691 2
806 731 2
881 753 1
684 679 2
756 702 2
859 643 2
776 607 2
717 624 2
841 651 2
881 652 2
737 687 2
861 606 1
804 637 2
706 692 2
803 616 2
773 747 2
789 641 2
758 661 2
894 738 2
816 659 2
897 761 1
703 684 1
795 774 2
822 607 2
714 660 1
885 644 1
829 736 2
828 706 2
823 808 1
850 745 2
851 640 1
782 609 2
778 692 1
897 606 2
837 824 2
898 738 2
832 697 2
895 722 2
856 803 2
840 660 2
889 886 2
731 711 2
721 626 2
845 706 2
831 829 2
777 619 2
746 652 2
798 740 2
825 654 2
793 607 2
861 708 1
777 684 2
726 661 2
752 696 2
874 779 2
720 717 1
789 700 2
750 737 1
733 614 2
900 750 2
795 669 2
689 627 2
802 735 2
851 739 2
848 818 2
660 635 1
835 783 1
679 655 2
870 853 2
750 611 2
866 703 2
897 809 2
890 742 1
655 639 1
844 657 2
900 644 1
842 782 2
898 846 2
782 612 2
643 610 2
816 754 2
753 705 2
637 610 1
770 733 2
873 852 2
707 611 1
873 617 2
747 743 1
727 713 2
727 699 2
756 694 2
851 664 1
773 624 2
813 748 2
761 628 2
804 752 2
655 624 2
839 709 1
783 755 2
727 627 2
851 827 2
684 601 2
673 653 2
884 742 2
795 674 1
797 664 2
858 847 2
675 640 2
862 611 2
752 729 1
814 797 2
786 664 2
827 622 2
745 657 1
830 643 2
900 879 1
781 725 2
832 632 2
797 764 2
793 709 2
821 754 2
689 631 2
737 719 2
737 609 2
718 610 2
822 638 2
812 631 2
885 785 2
808 628 2
842 753 2
774 730 2
677 602 2
865 828 2
883 826 2
876 720 2
803 683 2
831 700 2
745 726 1
849 838 1
807 632 2
852 758 2
708 682 2
843 799 2
889 637 2
796 614 1
854 714 1
789 708 2
865 862 1
816 808 2
744 711 1
806 626 2
828 670 2
889 718 1
732 712 2
824 614 2
813 692 2
733 701 1
851 841 1
666 658 2
709 668 2
868 763 2
804 706 2
819 730 2
886 689 2
717 609 2
756 733 2
854 770 1
783 688 2
809 628 2
874 667 2
732 720 2
795 685 2
758 757 2
873 839 2
617 614 2
728 623 2
709 603 2
663 661 2
695 608 2
687 682 2
674 640 2
767 603 2
863 771 1
812 670 2
703 656 2
788 654 1
877 829 2
827 725 2
880 753 1
758 673 2
824 778 2
899 712 2
837 801 2
698 692 2
746 625 2
738 732 1
804 664 2
757 728 1
804 678 2
854 635 2
809 733 2
719 684 2
644 618 1
829 803 2
867 817 1
891 742 2
783 699 2
837 637 2
857 744 2
879 865 2
817 730 2
767 723 2
846 750 2
777 641 1
677 675 2
779 696 1
815 727 2
847 793 2
892 844 2
784 639 1
870 797 1
793 688 2
740 612 2
811 661 2
815 778 1
802 748 1
885 778 2
878 767 2
869 796 1
704 678 2
864 628 2
775 615 1
869 767 1
822 740 2
719 619 2
867 653 2
818 641 2
883 815 2
728 655 2
838 731 2
778 735 2
888 876 1
703 673 2
682 666 2
847 690 2
780 610 2
815 620 2
842 779 2
854 657 2
877 770 2
837 747 2
862 755 2
793 682 2
813 690 2
817 690 2
823 724 2
813 719 2
886 693 2
864 728 2
847 786 2
855 821 2
713 679 2
865 624 2
889 783 1
755 701 2
759 670 1
717 704 1
757 676 1
836 779 2
879 749 1
867 660 1
868 846 2
833 675 2
811 724 2
871 717 2
857 798 2
823 794 2
692 643 2
801 756 2
875 661 2
704 647 2
806 689 2
855 823 2
747 625 2
765 753 2
774 614 2
853 764 2
845 680 2
791 771 2
748 736 2
828 811 2
716 648 2
854 612 2
746 732 2
827 736 1
767 707 2
801 721 2
798 646 2
753 730 2
895 776 2
802 736 2
823 608 2
661 616 2
824 763 2
889 740 2
894 753 2
748 697 1
819 789 1
849 627 2
895 716 2
864 842 2
826 715 2
880 833 2
793 751 2
871 698 2
799 670 2
679 650 2
883 821 2
798 622 2
691 667 2
813 639 2
741 689 2
823 790 2
848 670 2
882 798 2
863 770 2
795 691 2
732 647 2
801 605 1
729 721 2
860 707 2
670 654 1
769 685 1
719 681 2
833 673 2
753 618 2
700 675 2
769 622 2
806 716 2
833 655 2
867 787 2
848 795 2
894 772 2
843 806 2
801 688 2
890 813 1
820 807 2
888 605 2
883 770 2
796 708 2
876 814 2
848 725 2
686 677 2
873 812 2
875 743 1
756 693 2
898 884 1
899 656 2
863 862 2
849 665 2
894 777 2
745 692 2
715 639 2
743 613 2
664 629 2
870 722 2
853 851 1
803 654 2
890 741 2
818 714 2
887 669 2
700 657 2
774 738 2
828 719 2
894 863 2
852 625 2
766 735 2
811 765 2
760 614 2
759 750 2
850 830 2
788 619 2
797 690 2
852 673 2
623 605 2
791 693 2
810 762 2
880 602 2
776 667 2
707 660 1
729 661 1
877 771 2
879 819 2
646 619 2
830 681 2
709 640 2
806 646 2
815 790 2
892 773 2
809 633 2
753 624 2
764 630 2
776 765 2
753 664 2
868 845 2
759 615 2
785 661 2
762 676 2
863 604 2
751 647 2
743 631 2
884 767 2
713 625 2
802 723 2
859 747 2
855 690 2
882 857 2
693 667 2
723 654 2
885 877 2
895 777 1
839 822 2
877 603 2
817 804 2
800 627 2
771 747 2
780 673 2
722 644 1
707 626 2
712 670 2
886 660 1
685 614 1
629 627 2
899 873 1
772 614 1
831 632 2
658 644 2
821 631 1
762 630 2
780 704 2
815 798 2
814 700 2
898 675 2
826 618 2
835 732 2
761 669 2
878 669 2
786 781 2
806 614 1
669 655 2
708 616 2
866 624 2
897 680 2
834 621 2
809 762 2
845 813 1
851 749 1
834 779 2
554 84 1
391 281 1
330 178 1
409 212 1
538 154 1
506 157 1
391 15 1
552 244 1
597 73 1
305 243 1
403 57 1
335 124 1
355 261 1
538 171 1
468 52 1
373 63 1
474 34 1
310 218 1
545 274 1
387 278 1
368 100 1
521 9 1
514 195 1
387 52 1
445 76 1
483 35 1
415 77 2
543 34 1
473 102 1
414 177 1
326 35 1
566 246 1
396 279 1
496 66 1
512 241 1
448 34 1
338 21 1
526 215 2
453 225 1
363 152 1
545 72 2
451 267 1
485 229 1
320 266 1
477 134 1
481 218 1
558 285 1
569 159 1
424 230 1
414 81 1
528 45 1
381 21 1
328 172 1
587 53 1
507 88 1
414 105 1
308 210 1
512 234 1
457 216 1
306 129 1
574 73 1
399 262 1
439 68 1
591 123 1
449 33 1
590 223 1
322 174 1
529 83 2
457 6 1
575 61 1
549 144 1
391 92 1
461 141 2
396 293 1
517 57 1
463 6 1
303 215 1
558 6 1
388 137 1
432 134 1
335 44 1
491 164 1
454 81 1
546 111 1
424 257 1
415 149 1
357 185 1
458 16 1
330 98 1
441 100 1
468 232 1
329 260 1
314 51 1
418 258 1
390 206 1
382 18 1
373 241 1
557 200 1
423 210 1
497 50 1
440 284 1
540 111 1
492 103 1
471 282 1
382 204 1
575 263 1
462 163 1
325 11 1
377 33 1
432 181 1
332 59 1
589 146 1
524 181 1
332 56 1
522 175 1
539 67 1
455 296 1
321 124 1
434 227 1
362 31 2
331 80 1
449 131 1
325 15 1
521 132 1
496 106 1
594 2 1
484 205 1
534 191 1
482 145 1
333 268 1
560 194 1
350 284 1
398 187 1
332 201 1
553 143 1
468 188 1
468 187 1
518 201 1
352 258 1
408 54 1
493 75 1
402 290 1
341 86 1
391 198 1
301 159 1
567 289 1
491 80 1
327 193 1
477 201 1
386 120 1
343 142 1
412 1 1
523 26 1
338 223 1
494 181 1
331 12 2
391 205 1
426 185 1
376 281 1
517 40 1
591 134 1
473 167 1
577 167 1
429 236 1
579 274 1
522 115 1
401 211 1
541 281 1
363 240 1
515 245 1
561 201 1
549 38 1
331 66 1
342 68 1
513 153 1
306 94 1
393 147 1
560 179 1
554 236 1
430 10 2
546 57 1
347 19 1
401 82 1
533 239 1
310 179 1
525 194 1
487 128 1
313 223 1
352 261 1
434 2 1
574 278 1
482 210 1
594 237 1
325 297 1
516 212 1
354 152 1
551 246 1
504 29 1
415 242 1
402 137 1
508 233 1
366 247 1
326 259 1
539 6 1
394 75 1
451 300 1
401 113 1
368 240 1
344 230 1
445 100 1
513 197 1
324 264 1
599 171 1
334 294 1
380 86 1
431 247 1
494 6 2
414 4 1
398 81 1
492 118 1
523 215 1
494 22 1
576 5 1
352 151 1
457 142 1
556 102 1
509 105 1
387 234 1
419 189 1
519 161 1
524 45 1
495 291 1
348 40 1
417 163 1
343 110 1
580 63 1
322 294 1
383 259 1
491 251 1
468 62 1
577 108 1
599 196 1
545 54 1
566 32 2
382 260 1
405 258 1
493 166 1
562 177 1
378 37 2
301 214 1
468 25 1
464 223 1
492 129 1
403 197 1
333 171 1
353 109 1
316 230 1
509 190 1
577 260 1
485 219 1
517 135 1
409 158 1
538 201 1
584 183 1
393 167 2
482 289 1
405 230 1
509 7 1
380 217 1
497 68 1
362 67 2
360 56 2
600 149 2
553 6 1
375 158 2
327 71 1
511 111 1
427 265 1
598 180 1
428 160 1
394 290 1
516 76 1
307 264 1
435 88 1
320 166 1
315 11 1
579 91 1
339 29 1
512 163 1
590 96 1
563 284 1
553 246 1
503 241 1
591 90 1
404 104 1
575 109 1
598 95 1
440 256 1
425 249 1
456 167 1
455 56 1
451 131 1
354 15 1
600 20 1
312 300 1
508 139 1
428 13 1
537 2 1
371 239 1
392 55 1
391 103 1
426 290 2
517 197 1
512 112 1
364 211 1
516 123 2
379 155 2
349 46 1
426 60 1
524 234 2
352 220 1
583 117 1
428 21 1
303 38 1
543 47 1
403 203 1
354 158 1
397 152 1
560 199 1
384 21 1
492 121 1
307 129 1
572 205 1
441 63 1
398 42 1
353 83 1
514 78 1
501 130 1
457 298 1
533 176 1
459 92 1
424 180 1
493 92 1
304 281 1
499 155 1
388 240 1
344 115 1
474 210 1
355 229 1
478 286 1
336 208 1
390 174 1
347 175 2
407 93 1
482 128 1
540 273 1
323 166 1
374 257 1
581 186 1
445 115 1
427 267 1
482 126 1
543 286 1
408 135 1
309 76 1
530 6 1
530 251 1
375 170 1
578 12 1
376 151 1
357 143 1
508 16 1
335 42 1
509 283 2
361 41 1
547 181 1
509 212 1
375 176 1
505 56 1
562 54 1
543 194 1
507 243 1
324 297 1
356 190 1
468 279 1
471 11 1
413 283 1
352 161 1
511 140 1
383 285 1
392 26 2
467 184 1
560 220 2
543 201 1
356 18 1
577 131 1
352 137 1
345 201 1
465 265 1
528 102 1
346 197 1
475 252 1
322 194 1
372 255 1
564 118 1
338 87 2
354 55 1
525 272 1
426 155 1
503 38 1
413 225 1
573 159 1
310 221 1
323 123 1
522 57 1
476 218 1
494 184 1
460 81 1
302 128 1
350 216 1
424 286 1
365 8 1
439 202 1
430 106 1
590 187 1
415 215 1
441 212 1
566 298 1
506 228 1
561 247 2
432 154 1
422 58 1
441 299 1
579 57 1
379 290 1
344 262 1
600 91 1
429 187 1
578 81 1
547 24 1
382 261 1
460 143 1
434 148 1
599 185 1
367 55 1
560 54 1
327 222 1
426 205 1
379 278 2
371 216 1
429 264 1
450 236 1
477 68 1
455 283 1
572 251 1
469 71 1
535 11 1
585 113 1
556 138 2
504 91 2
369 263 1
338 139 1
579 145 1
529 27 1
327 243 1
456 67 1
381 175 1
519 131 1
357 243 1
468 92 1
588 238 1
507 298 1
384 187 1
516 291 1
489 44 1
498 34 1
557 220 1
493 69 1
306 49 1
541 298 1
552 297 1
576 143 1
323 67 1
429 75 1
403 78 1
460 246 1
453 293 1
558 82 1
531 129 1
398 72 2
577 236 1
404 69 1
334 300 1
323 37 1
331 116 1
496 68 1
395 181 1
379 184 1
390 247 1
526 266 1
483 114 1
538 262 1
381 4 2
557 8 1
486 141 1
425 198 1
550 201 1
566 56 1
456 47 1
304 54 1
568 19 1
559 261 2
556 120 1
353 207 1
461 108 2
352 202 1
386 23 1
529 277 1
395 81 1
480 56 1
455 160 1
313 108 1
440 111 1
349 261 1
408 123 1
566 109 2
405 173 1
302 23 1
331 42 1
421 272 1
585 251 1
363 61 1
490 141 1
554 44 1
588 168 1
507 285 1
368 6 1
306 299 1
515 202 1
566 13 1
354 253 2
406 249 1
460 112 1
304 244 1
575 39 1
596 222 1
590 186 1
355 12 1
395 253 1
555 3 1
332 266 1
509 184 1
507 290 1
358 186 1
564 26 1
374 210 1
454 148 1
569 195 1
474 114 1
422 237 1
391 102 1
485 60 1
389 248 1
475 176 1
486 159 1
576 145 1
486 254 2
327 76 2
451 47 1
446 109 1
386 80 1
480 234 1
590 132 1
418 100 2
400 58 1
353 123 1
306 82 1
445 47 1
567 244 1
468 252 1
362 115 1
523 104 1
563 84 1
401 201 1
489 218 1
528 188 1
406 139 1
445 14 1
589 164 1
342 63 1
547 107 1
302 221 1
478 184 1
553 244 1
600 164 1
588 64 1
309 167 1
334 296 1
478 74 1
358 125 1
412 30 1
443 77 1
581 77 1
336 176 1
572 206 1
361 153 1
555 99 1
307 240 1
595 254 1
513 44 1
436 128 1
432 88 1
505 110 1
470 106 1
507 238 1
352 102 1
556 201 1
433 87 1
316 211 1
454 250 1
407 111 1
471 22 1
375 78 1
566 106 1
443 58 1
527 276 1
309 220 1
383 2 1
431 110 1
422 90 1
387 237 1
428 10 1
366 181 1
431 80 1
418 116 2
483 215 1
560 235 1
535 111 1
539 35 1
569 137 1
503 101 1
510 256 1
362 49 1
545 197 1
326 233 2
360 201 2
575 274 1
336 290 1
352 54 1
339 265 1
381 53 1
545 210 1
483 62 1
450 226 1
371 35 2
354 2 1
493 299 1
402 34 1
408 203 1
523 72 1
323 72 1
329 80 1
465 175 1
307 142 2
509 236 1
342 122 1
351 37 1
473 206 1
335 29 1
404 152 1
346 171 1
411 165 1
480 178 1
548 51 1
310 49 1
425 90 1
532 234 1
494 93 1
558 189 1
462 179 1
500 218 1
402 184 1
489 60 1
399 170 1
523 142 1
356 235 1
571 194 1
353 100 1
331 11 1
490 177 1
566 191 1
477 215 1
429 114 1
502 122 1
362 116 1
445 42 1
318 86 1
453 246 1
370 25 1
376 67 1
477 109 1
354 70 2
403 251 1
414 275 1
566 173 1
496 83 1
568 29 1
344 117 1
348 212 1
599 155 1
439 50 1
498 65 2
420 168 1
321 228 1
447 7 1
738 39 1
864 249 1
617 223 1
870 285 1
722 182 1
724 61 1
678 146 1
640 272 1
740 57 1
748 258 1
661 147 1
665 256 1
817 283 1
821 33 1
628 105 1
767 108 1
820 202 1
738 116 1
894 161 1
672 3 1
799 7 1
665 269 1
613 142 1
865 226 2
816 300 1
664 40 1
718 157 1
801 47 1
817 199 1
835 121 1
620 123 1
800 132 1
795 125 1
835 211 1
679 89 1
639 174 1
766 114 1
864 7 1
763 55 1
660 86 1
881 248 1
664 41 1
761 179 1
661 207 1
634 10 1
715 295 1
724 82 1
808 65 1
787 191 1
725 240 1
653 272 1
607 126 1
885 179 1
879 124 1
778 254 1
840 29 1
616 171 1
763 91 1
870 79 1
769 15 1
751 89 1
843 135 1
895 219 1
819 15 1
682 249 1
623 214 1
793 299 1
734 232 1
684 131 2
868 82 1
879 234 1
684 238 2
796 163 1
657 231 1
869 17 1
650 52 1
633 49 1
778 66 1
603 249 1
725 201 1
631 119 1
896 176 1
678 286 1
878 237 1
751 261 1
656 160 1
759 103 1
793 191 1
894 85 1
668 100 1
704 283 1
720 159 1
878 179 1
821 158 1
833 269 1
862 107 1
630 128 1
679 230 1
661 231 1
828 139 1
806 139 2
700 280 1
610 260 1
680 182 1
673 200 1
851 66 1
792 254 1
724 46 1
631 173 1
719 180 1
788 290 1
640 15 1
635 229 1
891 170 1
888 102 1
669 63 1
721 22 1
760 230 1
897 132 1
830 217 1
624 273 1
765 137 1
639 258 1
671 275 1
891 56 1
751 277 1
875 236 1
761 236 1
665 39 1
805 191 1
753 173 2
800 193 1
670 227 1
649 111 2
768 32 1
819 92 1
655 198 1
670 111 1
768 168 1
732 50 1
704 278 1
649 150 1
680 87 1
611 3 1
800 108 1
610 3 1
783 110 1
735 133 1
834 136 1
636 120 1
715 276 1
755 284 1
895 180 1
898 56 1
722 296 1
758 198 1
644 19 1
622 12 1
899 101 1
852 208 1
764 274 1
733 46 1
632 59 1
786 171 1
808 274 1
671 292 1
789 9 1
856 144 1
670 267 1
783 270 1
861 90 1
880 189 1
751 15 1
707 214 1
893 209 1
820 280 1
756 218 1
718 162 2
889 99 1
721 180 1
895 69 1
870 40 1
763 180 1
886 184 2
650 277 1
671 126 1
782 79 1
826 154 1
858 199 1
734 251 1
655 112 1
662 29 1
809 175 1
740 185 1
750 135 2
815 235 1
739 1 1
656 192 1
782 115 1
629 117 1
715 275 1
602 221 1
729 235 1
812 105 1
890 132 1
722 95 1
838 195 1
829 261 1
621 285 1
710 266 1
847 190 1
653 133 1
846 229 1
855 37 1
745 284 1
664 84 1
808 199 2
662 258 1
667 135 1
888 37 1
864 239 1
808 295 1
721 154 1
808 58 1
893 44 2
849 25 1
812 153 1
666 186 1
892 256 1
649 140 1
877 260 1
633 151 1
644 241 1
829 121 1
682 169 1
801 212 1
893 190 1
713 289 1
886 221 1
739 133 2
771 168 1
705 293 1
730 228 1
779 113 1
833 107 1
883 69 1
793 64 1
801 157 1
755 73 1
738 293 1
604 133 1
882 67 1
739 103 1
777 265 1
788 279 1
605 206 2
808 6 1
816 63 1
795 32 1
638 234 1
645 108 1
665 96 1
771 121 1
629 190 1
634 157 1
688 19 1
620 34 1
623 99 1
787 23 1
813 220 1
628 56 1
749 202 1
865 269 1
859 21 1
779 69 1
794 21 1
769 34 1
781 201 1
615 141 1
750 204 1
700 231 1
604 266 1
858 176 1
740 172 1
717 273 1
791 11 1
652 163 1
603 76 2
707 68 1
808 120 1
686 84 1
728 288 1
657 148 1
867 268 1
658 112 1
812 82 1
760 275 1
708 73 1
701 117 1
609 152 1
710 247 1
621 297 1
675 274 1
871 249 1
854 124 1
619 40 1
851 172 1
798 228 1
689 22 1
777 197 1
619 57 1
739 294 1
826 260 1
630 13 1
691 91 1
877 4 1
788 108 1
862 65 1
638 117 1
769 162 1
678 154 1
759 154 1
667 252 1
894 72 1
773 281 1
868 60 1
736 13 1
668 190 1
886 31 1
706 232 1
831 145 1
604 65 1
753 202 1
619 77 1
811 80 1
613 33 1
757 171 1
752 25 1
645 38 1
618 67 1
696 289 2
876 199 1
743 297 1
819 178 1
650 284 1
891 265 1
668 246 1
622 66 2
882 25 2
635 149 1
682 132 1
776 272 1
607 81 1
810 156 1
824 177 1
900 157 1
705 277 1
850 208 1
654 150 1
685 38 1
763 265 1
763 14 1
882 61 1
622 228 1
658 8 1
758 206 1
630 2 1
810 100 1
771 209 1
645 280 1
819 165 1
887 258 1
671 86 1
877 112 1
649 167 1
775 279 1
893 205 1
799 100 1
652 198 1
897 215 1
667 33 1
706 222 1
803 242 1
868 137 1
735 285 1
804 24 2
865 174 1
892 83 1
725 53 1
835 298 1
818 27 2
755 8 1
857 299 1
714 135 1
729 132 1
646 100 1
862 231 1
797 62 1
895 247 1
740 116 1
621 84 1
630 25 1
703 285 1
812 227 1
894 286 1
836 299 2
747 134 1
803 243 1
813 159 1
844 17 1
805 60 1
639 110 1
632 180 1
661 51 1
700 184 1
885 134 1
800 266 1
730 266 1
631 223 1
825 255 1
704 220 1
764 95 1
635 126 1
805 78 1
803 291 1
838 178 1
644 85 1
771 26 1
729 157 1
885 104 1
842 104 1
665 95 1
752 79 1
701 161 1
895 207 1
634 3 1
722 49 1
855 117 1
873 143 1
667 242 1
711 289 1
847 239 1
787 4 1
755 41 1
755 207 1
735 267 1
851 15 1
632 71 1
725 63 1
628 4 1
693 220 1
723 272 1
725 70 1
849 179 1
776 290 1
828 13 1
828 144 2
732 52 1
660 139 1
885 290 1
779 48 1
616 233 1
812 203 1
661 80 1
848 148 1
775 282 1
874 130 1
763 135 1
846 92 1
801 173 1
697 60 1
859 99 1
670 255 1
646 24 1
678 283 1
847 229 1
850 298 1
848 147 1
733 100 1
681 71 1
763 38 1
869 131 1
841 4 1
780 37 1
605 122 1
655 110 1
724 182 1
713 222 1
711 291 1
628 147 1
721 149 1
774 145 1
634 96 1
804 256 1
704 109 1
665 153 1
746 79 1
895 114 1
656 80 1
751 256 1
739 193 2
799 291 1
864 161 1
706 205 1
801 54 1
784 132 1
714 70 1
674 183 1
870 292 1
636 229 1
636 72 1
622 196 1
708 3 1
851 179 1
778 233 1
638 23 1
729 242 1
813 129 2
603 20 1
841 44 1
867 44 1
688 84 1
811 100 1
817 113 1
719 256 1
734 266 1
816 288 1
622 240 1
778 170 1
743 276 1
749 110 1
618 288 1
626 147 2
728 65 1
898 205 1
655 240 1
834 261 1
857 190 1
693 178 1
650 120 1
667 186 1
837 157 1
691 131 1
669 20 1
786 166 1
675 227 1
713 275 1
763 269 1
885 57 1
730 197 1
706 179 1
669 213 2
786 18 2
603 189 1
773 6 1
874 165 1
834 268 1
871 187 1
756 198 1
797 267 1
649 97 1
730 44 1
803 103 1
698 168 1
893 291 1
778 236 1
639 172 2
609 236 1
790 185 1
637 188 1
702 31 1
619 290 1
770 197 1
774 293 1
705 233 1
818 96 1
875 287 1
675 185 1
733 178 1
720 193 1
649 192 1
768 231 1
648 256 1
899 235 2
862 202 1
722 108 1
765 162 1
821 205 1
848 70 1
711 223 1
694 108 1
619 53 1
853 265 1
687 198 1
778 102 1
855 271 1
892 29 1
865 28 1
814 205 1
809 61 1
683 222 2
725 83 1
882 249 1
808 293 1
752 34 1
670 289 1
880 45 2
806 24 1
859 211 2
690 90 1
622 259 1
842 25 1
718 24 1
635 17 1
790 91 1
833 174 1
828 192 2
601 64 1
893 22 1
815 107 1
677 288 1
868 169 1
635 162 1
743 28 1
656 61 1
613 251 1
652 288 1
838 84 1
850 109 1
622 26 1
601 199 1
878 78 1
730 52 1
702 121 1
694 188 1
701 291 1
776 260 1
647 72 1
750 71 1
766 292 1
822 185 1
779 254 1
666 161 1
814 260 1
797 117 1
667 120 1
718 158 2
708 16 1
648 40 1
661 168 1
782 224 1
772 154 1
825 61 1
840 185 1
767 186 1
764 43 1
799 155 1
693 81 1
726 231 1
886 119 1
767 144 1
864 109 1
803 221 1
603 29 1
824 156 1
857 25 1
706 267 1
845 32 1
688 187 1
704 236 1
696 40 1
796 200 1
834 1 1
620 13 1
708 162 1
750 203 1
833 52 1
881 193 1
883 87 1
783 261 1
804 105 2
737 101 1
813 229 1
656 234 2
821 142 1
789 135 1
773 174 1
784 96 1
757 196 1
856 126 1
847 37 1
879 162 1
640 85 1
674 91 1
634 44 1
673 97 1
865 113 1
676 104 1
671 177 1
714 282 1
672 85 1
765 85 1
720 276 1
653 135 1
657 184 1
633 71 1
604 132 1
672 243 1
707 209 1
813 45 1
808 98 1
789 104 1
611 93 1
773 165 1
871 80 1
759 31 1
887 274 1
601 460 2
616 595 1
768 541 1
870 550 1
641 303 2
696 520 1
763 469 1
876 430 1
827 314 1
785 424 2
741 514 1
681 315 1
815 575 1
787 537 1
822 339 1
757 378 1
741 577 1
720 407 1
786 598 1
672 559 1
756 498 1
729 557 1
804 306 1
647 508 1
690 440 1
770 390 1
794 386 1
678 359 1
676 596 1
836 387 1
870 416 1
726 574 1
817 557 1
658 392 1
744 406 1
836 553 1
615 378 1
638 568 1
724 413 1
650 576 1
759 334 1
817 403 1
822 361 1
724 361 1
690 571 1
727 574 1
669 354 1
641 339 1
866 392 1
769 437 1
871 474 1
784 366 1
761 399 1
855 385 1
711 403 1
768 535 1
870 458 1
764 340 1
625 515 1
847 305 1
849 319 1
727 426 1
755 493 1
898 335 1
806 345 1
761 567 1
833 514 1
622 336 2
641 487 1
712 437 1
867 572 1
710 483 2
667 456 1
630 554 1
649 420 1
609 467 1
852 368 1
897 477 1
744 508 1
608 389 1
787 416 1
639 527 1
691 436 1
727 361 1
899 435 1
708 305 1
714 404 1
874 438 1
656 353 1
772 587 1
793 550 1
689 496 1
801 500 1
652 541 1
860 498 1
900 371 1
623 559 1
648 472 1
703 441 1
769 512 1
680 437 1
831 470 1
823 570 1
859 407 1
651 305 1
766 534 1
692 459 1
651 501 1
836 571 1
613 366 1
749 586 1
772 573 2
898 419 1
872 519 1
848 321 1
624 563 1
741 468 1
628 513 1
804 333 2
605 357 1
728 463 1
765 376 1
840 378 1
613 571 1
672 439 1
620 438 1
817 474 1
831 440 1
772 535 1
872 429 1
682 346 1
764 479 1
699 373 2
622 508 1
838 309 1
639 331 1
713 595 1
613 423 1
677 306 1
670 445 2
845 388 1
642 536 1
710 559 1
638 447 1
857 337 1
802 501 2
759 558 1
728 394 1
859 412 1
786 586 1
642 483 1
635 386 1
674 531 1
735 302 1
897 465 1
703 451 1
861 571 1
631 432 1
646 444 1
618 429 1
628 526 1
739 376 1
661 308 1
660 543 1
848 409 1
862 481 2
753 385 1
645 539 2
607 343 1
823 344 1
632 550 1
771 472 2
651 482 1
667 430 1
846 490 2
711 534 1
852 428 1
627 414 1
740 513 1
665 346 1
879 365 1
891 584 1
631 385 1
743 304 1
644 539 1
855 593 1
836 386 1
846 534 1
820 454 1
863 339 1
713 443 1
643 408 1
720 459 1
675 439 1
752 330 1
823 574 1
663 572 1
734 308 1
773 327 1
726 390 1
673 502 2
838 339 1
626 354 1
775 551 2
754 386 1
708 521 1
788 326 1
831 512 2
828 462 1
737 524 1
794 354 1
609 521 1
688 382 1
743 437 1
815 369 1
784 417 1
845 476 1
616 481 1
812 466 1
648 544 1
786 439 1
784 469 1
738 335 1
741 460 1
634 568 1
726 524 1
878 560 2
851 328 1
817 549 1
846 485 1
603 541 1
627 586 1
676 502 1
603 416 1
708 531 1
784 537 1
814 465 1
872 411 1
853 468 1
611 408 1
809 363 1
606 461 1
825 336 1
700 582 1
758 441 1
678 322 1
832 346 1
834 376 1
645 442 1
830 580 1
679 444 1
731 312 1
858 501 1
670 380 2
779 390 1
787 397 1
813 590 1
666 380 1
767 546 1
892 364 1
773 421 1
875 426 1
897 568 1
705 471 1
865 534 1
680 418 1
865 340 1
755 364 1
734 383 1
876 494 1
627 416 1
756 439 1
693 317 1
638 470 1
660 355 1
890 539 1
778 350 1
617 568 1
615 387 1
842 339 2
641 446 1
780 430 1
749 440 1
850 573 1
768 463 1
643 450 1
899 314 1
883 499 1
873 547 1
769 467 1
734 589 1
700 382 1
640 449 1
731 524 1
761 438 1
873 515 1
835 383 1
868 418 1
889 547 1
746 377 1
804 544 1
615 475 1
788 595 1
852 457 1
847 591 1
653 350 1
607 439 1
637 479 1
734 437 1
697 388 1
673 395 1
614 499 1
749 388 1
835 514 1
812 520 1
761 530 1
643 417 1
822 356 1
865 589 1
834 350 1
676 501 1
866 390 1
766 401 1
875 542 1
831 399 1
759 396 1
825 327 1
768 442 1
788 508 1
668 516 1
890 372 1
648 523 1
656 494 1
642 565 1
651 460 1
775 565 1
730 444 2
847 456 1
629 559 1
727 302 1
800 435 1
818 453 1
859 530 1
700 557 1
770 567 1
783 437 1
791 530 1
702 342 1
800 520 1
781 444 1
829 533 1
788 597 1
840 388 1
740 595 1
682 569 1
684 332 1
664 371 1
617 532 1
778 359 1
633 369 1
764 487 1
775 456 1
711 530 1
704 474 1
875 326 1
846 482 1
884 400 2
814 347 1
833 373 1
822 521 1
750 344 2
803 348 2
764 468 1
855 545 1
848 488 1
786 346 1
670 375 1
715 327 1
839 342 1
832 328 1
760 488 1
820 560 1
771 428 1
795 490 1
602 498 1
845 535 1
708 379 1
742 569 1
770 431 1
707 468 1
851 567 1
799 413 1
736 304 1
619 350 1
719 437 1
776 439 1
899 320 1
806 574 1
662 562 1
653 327 1
624 333 1
745 351 1
631 341 1
707 554 2
754 398 1
862 370 1
785 480 1
899 358 1
870 384 1
625 312 1
837 362 1
787 513 1
692 598 1
697 432 2
838 480 1
754 455 1
870 466 2
870 396 1
849 536 1
647 347 1
857 383 2
752 452 1
866 384 1
850 550 1
808 485 2
877 348 1
899 388 1
610 519 1
813 591 1
813 524 1
866 463 1
730 413 1
726 568 1
741 385 1
798 492 1
645 521 1
808 327 1
898 418 1
664 313 1
858 565 1
784 565 1
752 364 1
882 506 1
691 533 1
679 349 1
741 536 1
675 545 1
878 557 1
787 427 1
800 317 1
666 558 1
751 578 1
808 346 1
780 540 1
624 503 1
900 307 1
665 456 1
832 439 1
648 403 1
641 416 1
879 550 1
728 501 1
697 540 1
713 442 1
642 572 1
762 406 1
648 526 1
691 333 1
713 517 1
690 559 1
813 489 1
779 484 1
759 352 1
630 303 1
772 355 1
735 594 1
825 420 1
797 415 1
644 431 1
817 389 1
605 592 1
632 408 2
701 368 1
844 503 1
813 318 1
634 369 1
640 554 1
786 534 1
879 423 1
731 575 1
891 566 1
882 597 1
876 327 1
874 420 1
684 401 1
686 468 1
739 576 1
715 335 1
776 343 1
885 418 1
746 466 1
689 499 1
893 570 1
702 519 1
761 361 1
774 575 1
693 568 1
672 437 1
667 555 1
762 537 1
706 320 1
762 598 1
613 580 1
817 359 1
856 410 1
833 434 1
876 322 1
843 548 1
828 514 1
601 316 1
830 421 1
891 329 1
704 362 1
620 390 1
773 506 1
613 565 1
869 477 1
605 466 1
854 360 1
799 571 1
766 573 1
795 325 1
637 411 1
676 309 1
862 319 2
673 589 1
819 331 1
745 454 1
661 415 1
854 372 1
881 368 1
645 548 1
756 560 1
858 371 1
723 355 1
767 306 1
809 361 2
784 442 1
792 520 1
711 561 1
715 546 1
634 388 1
630 489 1
773 569 1
735 403 1
739 545 1
829 406 1
668 501 1
732 568 1
856 425 1
825 480 1
766 449 2
758 467 1
827 397 1
662 511 1
893 320 1
863 364 1
765 365 1
838 382 1
637 560 1
749 498 1
636 411 1
654 538 1
621 504 1
643 321 1
612 433 1
626 464 1
842 498 1
799 346 1
827 527 1
704 354 1
612 333 1
687 336 1
648 416 1
615 444 2
658 413 1
863 430 1
741 538 1
631 596 1
627 563 1
778 464 1
654 513 1
667 550 1
789 533 1
722 357 1
792 325 1
723 538 1
608 515 1
803 503 1
663 557 1
748 477 1
622 448 1
888 562 1
813 398 1
640 560 1
640 440 1
650 526 1
812 351 1
665 537 1
748 522 1
851 518 1
709 568 1
653 371 1
898 353 1
675 562 1
852 303 2
785 306 1
813 321 1
723 430 1
847 574 1
779 417 1
787 439 1
895 502 1
828 443 1
695 338 1
749 411 1
645 474 1
814 571 1
704 340 1
796 311 1
744 519 1
735 413 1
856 558 1
844 478 1
865 529 1
774 394 2
684 412 1
827 392 1
704 356 1
770 327 1
829 359 1
874 306 1
654 522 1
717 336 1
814 494 1
809 590 1
652 394 1
739 323 1
679 506 1
762 439 1
643 526 1
646 595 1
760 436 2
689 422 1
661 324 1
687 317 1
603 509 1
700 541 1
640 414 1
624 584 2
610 369 1
696 313 1
782 582 1
769 489 1
778 526 1
676 597 2
617 487 1
835 313 1
719 586 1
885 411 1
757 590 1
644 381 1
886 539 2
681 321 1
642 464 1
818 430 1
813 513 1
617 473 1
745 505 1
699 437 1
754 484 1
633 379 1
730 465 1
634 345 1
874 520 1
780 362 1
721 592 1
611 547 1
612 359 1
671 488 1
729 321 1
844 593 1
742 589 1
741 544 1
770 399 2
718 600 1
872 307 1
601 401 1
815 363 1
621 374 1
816 383 1
726 345 1
742 400 1
650 315 1
753 588 1
714 413 1
894 465 1
732 329 1
891 565 1
724 592 1
689 397 1
873 404 1
723 350 1
